name: dask_tutorial2
channels:
- conda-forge
- defaults
dependencies:
- asn1crypto=0.22.0=py35_0
- bkcharts=0.2=py35_0
- bleach=1.5.0=py35_0
- bokeh=0.12.6=py35_0
- boto3=1.4.4=py35_0
- botocore=1.5.91=py35_0
- ca-certificates=2017.7.27.1=0
- certifi=2017.7.27.1=py35_0
- cffi=1.10.0=py35_0
- chardet=3.0.2=py35_1
- click=6.7=py35_0
- cloudpickle=0.3.1=py35_0
- colorama=0.3.9=py35_0
- cryptography=1.9=py35_0
- cycler=0.10.0=py35_0
- decorator=4.1.2=py35_0
- docutils=0.13.1=py35_0
- entrypoints=0.2.3=py35_1
- freetype=2.7=vc14_1
- graphviz=2.38.0=4
- heapdict=1.0.0=py35_0
- html5lib=0.9999999=py35_0
- icu=58.1=vc14_1
- idna=2.5=py35_0
- ipykernel=4.6.1=py35_0
- ipython=6.1.0=py35_0
- ipython_genutils=0.2.0=py35_0
- ipywidgets=6.0.0=py35_0
- jedi=0.10.2=py35_0
- jinja2=2.9.5=py35_0
- jmespath=0.9.3=py35_0
- jpeg=9b=vc14_0
- jsonschema=2.5.1=py35_0
- jupyter_client=5.1.0=py35_0
- jupyter_console=5.1.0=py35_0
- jupyter_core=4.3.0=py35_0
- libpng=1.6.28=vc14_0
- locket=0.2.0=py35_1
- markupsafe=1.0=py35_0
- matplotlib=2.0.2=py35_1
- mistune=0.7.4=py35_0
- msgpack-python=0.4.8=py35_0
- nbconvert=5.2.1=py35_1
- nbformat=4.3.0=py35_0
- notebook=5.0.0=py35_0
- openssl=1.0.2l=vc14_0
- pandas=0.20.3=py35_1
- pandoc=1.19.2=0
- pandocfilters=1.4.1=py35_0
- partd=0.3.8=py35_0
- patsy=0.4.1=py35_0
- pickleshare=0.7.3=py35_0
- pip=9.0.1=py35_0
- prompt_toolkit=1.0.15=py35_0
- psutil=5.2.1=py35_0
- pycparser=2.18=py35_0
- pygments=2.2.0=py35_0
- pyopenssl=16.2.0=py35_0
- pyparsing=2.2.0=py35_0
- pyqt=5.6.0=py35_4
- pysocks=1.6.7=py35_0
- python=3.5.3=3
- python-dateutil=2.6.1=py35_0
- python-graphviz=0.7.1=py35_0
- pytz=2017.2=py35_0
- pyyaml=3.12=py35_1
- pyzmq=16.0.2=py35_2
- qt=5.6.2=vc14_1
- qtconsole=4.3.0=py35_0
- requests=2.18.3=py35_0
- s3fs=0.1.2=py35_0
- s3transfer=0.1.10=py35_1
- setuptools=36.2.2=py35_0
- simplegeneric=0.8.1=py35_0
- sip=4.18=py35_1
- six=1.10.0=py35_1
- sortedcontainers=1.5.3=py35_0
- statsmodels=0.8.0=np111py35_0
- tblib=1.3.2=py35_0
- testpath=0.3=py35_0
- toolz=0.8.2=py35_0
- tornado=4.5.1=py35_0
- traitlets=4.3.2=py35_0
- urllib3=1.21.1=py35_1
- vc=14=0
- vs2015_runtime=14.0.25420=0
- wcwidth=0.1.7=py35_0
- webencodings=0.5=py35_0
- wheel=0.29.0=py35_0
- widgetsnbextension=2.0.0=py35_0
- win_inet_pton=1.0.1=py35_1
- win_unicode_console=0.5=py35_0
- wincertstore=0.2=py35_0
- yaml=0.1.6=vc14_0
- zict=0.1.2=py35_0
- zlib=1.2.11=vc14_0
- beautifulsoup4=4.6.0=py35_0
- dask=0.15.0=py35_0
- distributed=1.17.1=py35_0
- jupyter=1.0.0=py35_3
- mkl=11.3.3=1
- numpy=1.11.2=py35_0
- scikit-learn=0.17.1=np111py35_1
- scipy=0.17.1=np111py35_1
- seaborn=0.8=py35_0
- pip:
  - appdirs==1.4.3
  - bioservices==1.4.17
  - easydev==0.9.35
  - gevent==1.2.2
  - greenlet==0.4.12
  - grequests==0.3.0
  - ipython-genutils==0.2.0
  - jupyter-client==5.1.0
  - jupyter-console==5.1.0
  - jupyter-core==4.3.0
  - pexpect==4.2.1
  - prompt-toolkit==1.0.15
  - ptyprocess==0.5.2
  - requests-cache==0.4.13
  - suds-jurko==0.6
  - win-inet-pton==1.0.1
  - win-unicode-console==0.5
  - wrapt==1.10.10
  - xmltodict==0.11.0
prefix: C:\Users\Tobias\Miniconda3\envs\dask_tutorial2

